plaintext = 'Ask questions. Never stop learning. Do not pay attention to what others think of you. Read everyday. Study hard. Teach others what you know. Make mistakes and learn.'

e =  25
p =  8764541117
q =  9699423919
n =  85010999749288777523
T =  85010999730824812488
d =  78210119752358827489

plaincode = [65, 115, 107, 32, 113, 117, 101, 115, 116, 105, 111, 110, 115, 46, 32, 78, 101, 118, 101, 114, 32, 115, 116, 111, 112, 32, 108, 101, 97, 114, 110, 105, 110, 103, 46, 32, 68, 111, 32, 110, 111, 116, 32, 112, 97, 121, 32, 97, 116, 116, 101, 110, 116, 105, 111, 110, 32, 116, 111, 32, 119, 104, 97, 116, 32, 111, 116, 104, 101, 114, 115, 32, 116, 104, 105, 110, 107, 32, 111, 102, 32, 121, 111, 117, 46, 32, 82, 101, 97, 100, 32, 101, 118, 101, 114, 121, 100, 97, 121, 46, 32, 83, 116, 117, 100, 121, 32, 104, 97, 114, 100, 46, 32, 84, 101, 97, 99, 104, 32, 111, 116, 104, 101, 114, 115, 32, 119, 104, 97, 116, 32, 121, 111, 117, 32, 107, 110, 111, 119, 46, 32, 77, 97, 107, 101, 32, 109, 105, 115, 116, 97, 107, 101, 115, 32, 97, 110, 100, 32, 108, 101, 97, 114, 110, 46]
ciphercode:
51349704037841166741 31940097524819892145 1684291833729529886 24513120724793700086 83016914580155643288 3630946669824355242 1168101941031710276 31940097524819892145 987032826493795794 75420100627200724183 94330473679858836 6535197695691160324 31940097524819892145 46441578737246403623 24513120724793700086 35387159206696635300 1168101941031710276 69416457331346651918 1168101941031710276 54923843663382329266 24513120724793700086 31940097524819892145 987032826493795794 94330473679858836 48076787592057748306 24513120724793700086 41568631347881503282 1168101941031710276 31995104079920960356 54923843663382329266 6535197695691160324 75420100627200724183 6535197695691160324 13944622237384870331 46441578737246403623 24513120724793700086 84385908982892768200 94330473679858836 24513120724793700086 6535197695691160324 94330473679858836 987032826493795794 24513120724793700086 48076787592057748306 31995104079920960356 78767307962524203246 24513120724793700086 31995104079920960356 987032826493795794 987032826493795794 1168101941031710276 6535197695691160324 987032826493795794 75420100627200724183 94330473679858836 6535197695691160324 24513120724793700086 987032826493795794 94330473679858836 24513120724793700086 47811112509092628108 12092310773381249729 31995104079920960356 987032826493795794 24513120724793700086 94330473679858836 987032826493795794 12092310773381249729 1168101941031710276 54923843663382329266 31940097524819892145 24513120724793700086 987032826493795794 12092310773381249729 75420100627200724183 6535197695691160324 1684291833729529886 24513120724793700086 94330473679858836 49107216762903111328 24513120724793700086 78767307962524203246 94330473679858836 3630946669824355242 46441578737246403623 24513120724793700086 25815470317297862314 1168101941031710276 31995104079920960356 40949006816141018174 24513120724793700086 1168101941031710276 69416457331346651918 1168101941031710276 54923843663382329266 78767307962524203246 40949006816141018174 31995104079920960356 78767307962524203246 46441578737246403623 24513120724793700086 45352866672647592299 987032826493795794 3630946669824355242 40949006816141018174 78767307962524203246 24513120724793700086 12092310773381249729 31995104079920960356 54923843663382329266 40949006816141018174 46441578737246403623 24513120724793700086 61189742552729561664 1168101941031710276 31995104079920960356 25583081621989014070 12092310773381249729 24513120724793700086 94330473679858836 987032826493795794 12092310773381249729 1168101941031710276 54923843663382329266 31940097524819892145 24513120724793700086 47811112509092628108 12092310773381249729 31995104079920960356 987032826493795794 24513120724793700086 78767307962524203246 94330473679858836 3630946669824355242 24513120724793700086 1684291833729529886 6535197695691160324 94330473679858836 47811112509092628108 46441578737246403623 24513120724793700086 22788926973269115350 31995104079920960356 1684291833729529886 1168101941031710276 24513120724793700086 28231470024151661282 75420100627200724183 31940097524819892145 987032826493795794 31995104079920960356 1684291833729529886 1168101941031710276 31940097524819892145 24513120724793700086 31995104079920960356 6535197695691160324 40949006816141018174 24513120724793700086 41568631347881503282 1168101941031710276 31995104079920960356 54923843663382329266 6535197695691160324 46441578737246403623 